G2 0.03276082128286362 0.5024656057357788 0.06445829570293427 0.9910296201705933
A 0.10733047872781754 0.5000405311584473 0.0846787691116333 0.9916650652885437
6/8 0.1707082837820053 0.5025820732116699 0.03705384582281113 0.9843204021453857
c2 0.23709532618522644 0.5013469457626343 0.042360786348581314 0.9973060488700867
d2 0.28270992636680603 0.5005020499229431 0.04260121285915375 0.9952676892280579
e2 0.37998026609420776 0.5019553303718567 0.036289114505052567 0.9869780540466309
c2 0.4252866804599762 0.5050092339515686 0.044037461280822754 0.989981472492218
e2 0.4690797030925751 0.5107540488243103 0.04731292650103569 0.9728244543075562
d2 0.524560809135437 0.5159493684768677 0.04014302045106888 0.9675533175468445
c2 0.5703411102294922 0.5150524377822876 0.042550262063741684 0.9698951840400696
b,2 0.617361843585968 0.5193380117416382 0.04291348531842232 0.9605053067207336
a,2 0.7109456062316895 0.5223991274833679 0.045033860951662064 0.9542934894561768
g,2 0.7552861571311951 0.5201299786567688 0.04708729684352875 0.9597400426864624
f,2 0.8030147552490234 0.5224758982658386 0.044998303055763245 0.9545198678970337
e,2 0.8573096990585327 0.5238143801689148 0.04749583452939987 0.9523712396621704
f,2 0.9025781750679016 0.522323489189148 0.048142608255147934 0.9550062417984009
d,2 0.9492872357368469 0.522365391254425 0.04725189134478569 0.9544087052345276
