G2 0.027189388871192932 0.5015494227409363 0.054378777742385864 0.9969010949134827
4/4 0.08114459365606308 0.5026983022689819 0.03294534608721733 0.9946034550666809
c8 0.1283503770828247 0.5020007491111755 0.02418551780283451 0.9959985017776489
b,8 0.24960018694400787 0.5018929243087769 0.02430063486099243 0.9962141513824463
a,8 0.3426678478717804 0.5025926828384399 0.024949226528406143 0.9948146343231201
g,8 0.47161346673965454 0.5866167545318604 0.02448730543255806 0.8267665505409241
g,8 0.5647642612457275 0.5046595335006714 0.02482013590633869 0.9906808733940125
a,8 0.6842342615127563 0.5133640766143799 0.024598248302936554 0.9732718467712402
b,8 0.7770310044288635 0.53465336561203 0.024539751932024956 0.9306933283805847
c8 0.9061563611030579 0.6220170259475708 0.02438467927277088 0.7559659481048584
