C1 0.014635559171438217 0.5014169216156006 0.02888765186071396 0.9968913197517395
4/4 0.044446248561143875 0.4994822144508362 0.018738586455583572 0.9989644289016724
f8 0.07447723299264908 0.4995644986629486 0.015445301309227943 0.9991289973258972
f8 0.13880223035812378 0.5008875727653503 0.015584040433168411 0.9980462789535522
z4 0.22001561522483826 0.5 0.012125493958592415 1.0
f8 0.2624688744544983 0.49990829825401306 0.015543157234787941 0.9998165965080261
c2 0.3262561559677124 0.5 0.01589398831129074 1.0
c2 0.35381636023521423 0.5 0.014474264346063137 1.0
_d4 0.40769821405410767 0.49948903918266296 0.025123801082372665 0.9989780783653259
d2 0.4551657438278198 0.49987655878067017 0.014857274480164051 0.9997531175613403
b,2 0.48254039883613586 0.5 0.015410522930324078 1.0
b,6 0.5131345987319946 0.5003884434700012 0.020885059610009193 0.9992230534553528
b,2 0.563948392868042 0.5 0.015218973159790039 1.0
b,4 0.610154390335083 0.5 0.014952881261706352 1.0
^a,4 0.6474949717521667 0.49992504715919495 0.02571854367852211 0.9998500943183899
b,8 0.6951605677604675 0.4996994733810425 0.015199949033558369 0.999398946762085
b,16 0.7809446454048157 0.5 0.02008056640625 1.0
c16 0.9007420539855957 0.5023196935653687 0.020068371668457985 0.9953606128692627
