G2 0.02325320430099964 0.5004562735557556 0.04650640860199928 0.9990875124931335
Eb 0.0754217877984047 0.5003151297569275 0.046866077929735184 0.9993696808815002
4/4 0.1214592233300209 0.5003872513771057 0.027545316144824028 0.9956835508346558
e'4 0.16212601959705353 0.5001770257949829 0.0317072831094265 0.9939036965370178
e'2 0.21573366224765778 0.5015264749526978 0.031195251271128654 0.9928401708602905
e'2 0.2473018765449524 0.5004917979240417 0.036088086664676666 0.9945725798606873
e'4 0.28389111161231995 0.5011743307113647 0.032485540956258774 0.9931720495223999
e'4 0.336566299200058 0.5003384351730347 0.031668271869421005 0.9940884709358215
e'8 0.4131808876991272 0.5003380179405212 0.031614575535058975 0.9970543384552002
e'2 0.49360644817352295 0.4987914562225342 0.03207528218626976 0.9975829124450684
b2 0.5263945460319519 0.4998922049999237 0.030799761414527893 0.9983598589897156
g2 0.5599076151847839 0.500173032283783 0.030354848131537437 0.9950356483459473
e2 0.5923200845718384 0.5004372000694275 0.032230112701654434 0.9946975111961365
d2 0.6551696062088013 0.5020537972450256 0.022089211270213127 0.9934116005897522
z2 0.6892815828323364 0.5044330954551697 0.020616983994841576 0.986047625541687
e2 0.7237533926963806 0.5068730711936951 0.021946905180811882 0.9825539588928223
z2 0.7583822011947632 0.5105810165405273 0.021026611328125 0.9774496555328369
d'6 0.7952120900154114 0.5161798000335693 0.0369102880358696 0.9599384069442749
c'2 0.8601311445236206 0.5262346267700195 0.02940230816602707 0.9435003399848938
b8 0.917974054813385 0.5261167287826538 0.03145787492394447 0.939678966999054
